6

0.166666
0.333333 0.000000 0.333333
0.000000 0.333333 0.613333
0.000000 0.000000 1.000000

0.166666
0.333333 0.000000 0.090846
0.000000 0.333333 0.193333
0.000000 0.000000 1.000000

0.166666
0.333333 0.000000 0.575820
0.000000 0.333333 0.193333
0.000000 0.000000 1.000000

0.166666
-0.333333 0.000000 0.666666
0.000000 -0.333333 0.386666
0.000000 0.000000 1.000000

0.166666
-0.333333 0.000000 0.909154
0.000000 -0.333333 0.806666
0.000000 0.000000 1.000000

0.166666
-0.333333 0.000000 0.424180
0.000000 -0.333333 0.806666
0.000000 0.000000 1.000000